
-7.354097290039062500e+02
7.239484405517578125e+01
-6.999868774414062500e+02
-7.897293701171875000e+02
7.446261596679687500e+01
-6.853881225585937500e+02
-7.035437622070312500e+02
7.116935729980468750e+01
-6.976638793945312500e+02
-7.721774291992187500e+02
7.379224395751953125e+01
-6.846748046875000000e+02
-7.209183959960937500e+02
7.178389739990234375e+01
-6.814227905273437500e+02
-7.969812622070312500e+02
7.476075744628906250e+01
-6.856945190429687500e+02
-7.828768310546875000e+02
7.419509124755859375e+01
-6.847967529296875000e+02
-7.640506591796875000e+02
7.347267150878906250e+01
-6.839953613281250000e+02
-7.710051269531250000e+02
7.378564453125000000e+01
-7.010906982421875000e+02
-7.387774658203125000e+02
7.254198455810546875e+01
-7.001128540039062500e+02
-7.651365356445312500e+02
7.355609893798828125e+01
-7.012460937500000000e+02
-7.862468872070312500e+02
7.434388732910156250e+01
-6.847600708007812500e+02
-7.333493652343750000e+02
7.231454467773437500e+01
-6.991537475585937500e+02
-7.375698242187500000e+02
7.249446105957031250e+01
-6.995971069335937500e+02
-7.841271972656250000e+02
7.425375366210937500e+01
-6.849099731445312500e+02
-7.694634399414062500e+02
7.366905975341796875e+01
-6.842015991210937500e+02
-7.625980834960937500e+02
7.345880889892578125e+01
-7.010691528320312500e+02
-7.210538940429687500e+02
7.184871673583984375e+01
-6.987836303710937500e+02
-7.743978881835937500e+02
7.391078186035156250e+01
-7.010376586914062500e+02
-7.548356933593750000e+02
7.309484863281250000e+01
-6.831942138671875000e+02
-7.081676635742187500e+02
7.135520172119140625e+01
-6.982343750000000000e+02
